1730.82772266
1893.89105266
2056.95438266
2171.98132266
2358.06063266
2489.10112266
2576.13315266
2673.18591266
2744.22302266
2873.26561266
3001.36057266
3129.45553266
3285.55664266
3400.58358266
3556.68469266
3643.71672266
3758.74366266
3887.78625266
4015.88121266
4112.93397266
4209.98673266
4339.02932266
4502.09265266
4615.17671266
4746.21720266
4849.22639266
4962.31045266
5148.38976266
5249.43744266
5386.49635266
5572.57566266
5709.63457266
5856.70298266
5984.79794266
6097.88200266
6210.96606266
6282.00317266
6438.10428266
6569.14477266
6682.22883266
6838.32994266
6941.33913266
7028.37116266
7165.43007266
7279.47300266
7378.54141266
7507.58400266
7663.68511266
7762.75352266
7890.81210266
7989.88051266
8103.92344266
8160.94490266
8257.99766266
8371.08172266
8485.12465266
8632.19306266
8761.23565266
8889.33061266
9036.39902266
9139.40821266
9286.47662266
9442.57773266
9573.61822266
9686.70228266
9823.76119266
9951.85615266
10079.9147327
10193.9576627
10307.0417227
10394.0737527
10495.1214327
10626.1619227
10812.2412327
10909.2939927
11038.3365827
11151.4206427
11314.4839727
11451.5428827
11579.6014627
11676.6542227
11823.7226327
11936.8066927

