932
432 319
789 50
158 570
128 473
79 522
263 828
179 285
342 11
350 223
127 16
38 45
144 73
17 295
322 529
332 36
169 458
912 839
726 837
404 445
648 781
280 57
333 363
186 118
394 594
318 269
625 208
685 556
338 210
599 225
239 8
712 561
63 645
61 115
681 143
6 9
827 438
151 644
39 27
714 75
623 877
530 166
120 219
169 671
523 132
104 354
697 41
337 112
29 540
357 553
19 15
158 14
913 932
608 859
39 71
47 125
150 242
26 776
885 806
180 380
414 171
710 641
168 88
1 4
52 86
735 808
23 238
253 787
358 92
191 112
518 316
703 342
270 251
148 917
444 145
140 313
500 562
462 649
559 154
474 93
495 925
369 662
27 169
256 174
456 287
396 437
623 481
387 915
13 58
218 264
289 372
675 405
851 513
216 5
578 258
815 435
919 775
18 359
191 348
7 190
265 273
767 190
143 813
395 98
6 13
716 558
723 56
63 571
62 392
769 172
221 486
663 418
81 656
157 856
112 39
8 56
479 692
110 221
97 333
880 285
166 215
785 258
682 788
366 809
461 583
183 203
875 109
588 783
743 84
205 260
239 310
249 516
48 46
47 386
384 524
180 227
635 266
800 738
30 66
16 183
14 867
81 822
2 5
370 629
139 150
117 134
884 570
412 778
691 760
75 930
824 804
148 44
11 43
220 71
20 65
381 157
196 711
761 436
158 181
200 46
87 141
20 44
2 491
737 530
548 665
62 22
442 210
55 68
154 435
26 34
298 41
422 406
12 9
395 396
120 315
795 716
29 894
845 829
914 349
78 77
5 22
171 596
54 493
27 15
80 693
221 551
338 501
902 765
5 30
469 834
138 82
412 35
744 143
359 364
511 431
366 104
282 94
727 79
479 339
408 224
745 565
630 718
708 888
286 193
271 451
85 308
300 514
3 129
923 648
519 173
844 5
405 158
509 819
419 324
205 580
229 154
619 265
348 454
748 752
4 122
313 654
498 507
500 174
28 180
922 294
349 127
96 810
627 883
152 3
237 176
557 234
97 294
661 39
532 304
593 887
78 96
320 17
116 376
172 672
611 45
330 878
108 254
467 387
774 551
509 175
361 121
564 628
384 777
365 250
324 901
439 274
584 682
184 797
771 80
20 21
404 636
23 10
652 227
820 443
91 105
251 169
489 203
820 907
141 232
22 226
20 10
506 637
31 116
44 531
107 85
842 295
841 532
241 327
742 225
271 44
228 233
584 307
454 805
664 616
92 139
556 561
565 208
152 620
229 401
17 14
133 210
6 8
106 39
581 553
707 548
657 683
694 549
86 88
344 388
172 135
405 698
542 348
247 331
667 431
879 788
55 84
162 468
228 77
67 748
101 12
633 518
677 145
453 224
552 361
697 775
363 369
160 151
929 364
133 508
69 30
7 2
886 175
416 708
722 882
113 59
889 834
202 196
440 597
81 154
68 554
44 222
16 54
400 194
476 816
351 498
536 276
361 924
658 313
142 149
724 487
339 273
460 632
2 1
630 186
528 574
4 544
126 402
120 89
144 274
904 800
92 100
77 89
195 506
156 182
750 31
367 199
505 322
163 208
439 592
15 378
737 773
846 255
5 10
78 145
747 527
214 277
927 401
235 119
217 452
234 860
558 172
446 485
58 377
7 170
218 35
503 873
211 255
392 801
330 100
79 128
890 3
175 90
482 110
67 832
799 27
385 212
395 908
12 143
197 573
849 456
301 757
602 153
181 257
170 496
909 579
587 612
140 75
263 54
197 171
605 71
114 103
103 51
179 289
299 409
352 910
49 653
1 24
381 476
63 17
228 490
388 448
562 751
41 73
207 872
642 509
487 311
764 221
163 730
613 255
37 34
104 854
427 393
502 460
20 79
187 586
457 96
108 39
699 55
460 439
234 144
421 105
589 130
60 171
47 151
469 292
131 618
4 225
705 417
518 893
51 352
214 434
118 455
261 517
826 136
328 425
197 545
811 104
640 378
124 119
290 188
913 227
276 261
668 459
256 291
465 458
726 189
461 79
80 95
375 52
453 475
191 230
416 786
246 248
736 559
300 71
409 534
31 157
199 172
576 577
561 700
620 669
668 821
264 758
194 480
252 420
123 606
611 812
852 378
189 24
896 786
738 568
108 167
110 20
10 93
293 389
474 624
246 833
676 772
24 60
462 402
900 305
24 83
190 538
866 700
391 277
275 446
357 318
166 118
50 20
42 297
91 582
747 830
377 428
564 114
315 903
88 163
232 928
209 94
701 871
863 183
48 67
296 404
862 724
526 77
234 817
548 864
34 831
556 419
217 720
203 413
16 159
759 899
545 626
363 784
567 242
595 360
156 67
459 380
704 133
275 278
63 650
415 95
213 202
840 328
659 350
687 401
263 373
850 541
286 484
29 336
749 500
146 204
5 91
17 194
243 13
641 679
143 314
905 94
555 136
868 931
409 651
432 806
32 26
762 516
310 323
155 147
119 891
188 303
15 81
23 131
101 549
921 199
26 109
113 326
590 898
371 135
21 70
255 309
334 839
112 142
107 119
187 119
162 39
804 170
127 164
153 268
308 803
107 133
48 246
161 173
734 793
57 87
164 417
556 835
504 38
101 207
272 440
210 709
68 328
353 21
316 27
638 541
293 88
31 7
825 31
414 495
354 394
609 593
60 368
346 67
569 732
13 244
739 220
643 385
356 326
212 50
33 52
327 406
689 199
61 443
51 1
37 121
201 110
224 674
397 449
379 436
229 622
838 637
701 200
47 1
445 684
398 92
150 382
21 355
560 362
450 430
743 790
236 261
181 497
310 579
147 35
435 740
568 719
472 382
125 312
97 861
512 50
612 715
177 24
407 248
28 14
717 132
137 97
729 112
2 33
193 114
770 353
608 316
193 343
257 725
109 146
9 49
53 10
418 27
276 655
365 814
110 192
135 129
598 323
646 556
696 309
648 553
26 911
104 68
178 214
195 673
603 409
447 271
376 546
572 353
22 36
410 345
346 676
569 690
164 252
35 590
63 74
688 324
520 507
15 1
600 337
379 117
206 66
593 133
678 296
143 780
140 763
281 370
3 64
126 33
540 601
283 24
42 23
829 243
454 587
60 117
383 3
792 567
161 134
155 483
464 281
2 6
695 544
634 222
471 148
272 128
440 818
848 142
369 607
360 13
231 157
57 576
561 756
604 360
794 529
706 14
798 120
115 188
109 253
543 477
347 196
11 153
657 271
57 48
236 754
374 138
868 758
266 218
31 176
617 492
782 281
488 3
641 358
148 616
281 258
72 7
689 876
550 67
259 137
515 83
722 199
322 102
205 94
403 38
88 306
731 378
24 92
178 335
107 262
287 84
324 84
321 387
99 11
182 766
522 746
857 673
119 423
302 228
41 249
569 241
14 2
71 247
17 18
196 107
897 181
241 218
853 427
660 424
680 394
796 640
78 759
164 217
438 8
823 694
639 325
521 139
336 340
132 2
433 802
422 779
591 395
174 131
224 9
227 670
85 341
102 68
32 118
430 77
130 44
22 537
53 610
129 305
621 13
94 42
288 75
225 269
184 5
27 55
918 73
400 426
311 12
647 691
399 268
20 82
25 80
223 95
7 478
441 184
116 211
136 541
11 9
276 547
563 2
321 49
776 906
548 266
335 755
721 547
1 245
702 408
521 528
75 77
195 121
615 202
2 26
433 274
31 307
97 73
539 362
3 46
25 11
41 892
15 267
292 190
566 439
45 416
275 160
291 424
104 881
824 855
666 643
579 870
499 280
311 588
712 768
734 643
470 387
503 149
319 874
359 397
847 475
62 575
